20000	20003
20000	20005
20000	20008
20000	20011
20000	20012
1052	20000
20001	20006
20002	20009
20002	20010
1052	20002
20004	20006
1052	20006
20006	20007
20096	20108
20096	20117
20097	20109
20098	20090
20099	20090
20100	20090
20101	20090
20102	20103
20102	20106
6252	20102
20102	20118
20102	20119
20102	20123
20102	20124
20104	20090
20105	20090
20107	20090
20108	20117
20109	20120
6252	20109
20109	20080
20109	20095
20110	20117
20111	20081
20112	20090
20113	20117
20114	20090
20115	20090
20116	20090
6252	20117
20117	20079
20117	20121
20117	20092
20122	20090
20125	20081
6252	20081
6252	20090
20081	20085
20082	20090
20083	20090
20084	20090
20086	20090
20087	20090
20088	20090
20089	20090
20090	20091
20090	20093
20090	20094
4708	20171
4708	20299
4708	20237
4708	20302
4708	20240
4708	20209
4708	20307
4708	20245
4708	20277
4708	20317
4708	20309
20158	20237
20159	20209
20160	20307
20160	20245
20161	20277
20162	20309
20163	20245
20164	20245
20165	20240
20166	20277
20167	20277
20168	20209
20169	20309
20170	20237
20171	20317
20172	20277
20173	20307
20174	20237
20175	20309
20176	20237
20177	20277
20178	20277
20179	20309
20180	20302
20181	20277
20182	20245
20183	20309
20184	20277
20185	20309
20186	20237
20187	20277
20188	20299
20189	20277
20190	20209
20191	20307
20192	20317
20193	20209
20194	20309
20195	20307
20196	20245
20197	20309
20198	20309
20199	20309
20200	20277
20201	20245
20202	20309
20203	20302
20204	20302
20205	20245
20206	20237
20207	20209
20208	20309
20209	20295
20209	20274
20209	20278
20209	20216
20209	20218
20209	20252
20210	20307
20211	20245
20212	20237
20213	20277
20214	20277
20215	20309
20217	20309
20219	20309
20220	20307
20221	20309
20222	20309
20223	20277
20224	20277
20225	20237
20226	20237
20227	20309
20228	20302
20229	20245
20230	20277
20231	20302
20232	20299
20233	20299
20234	20302
20235	20299
20236	20277
20237	20304
20237	20291
20237	20262
20237	20318
20237	20319
20237	20308
20237	20315
20237	20287
20238	20307
20239	20307
20240	20257
20240	20306
20241	20309
20242	20277
20243	20299
20244	20277
20245	20321
20245	20324
20245	20260
20245	20323
20245	20255
20246	20309
20247	20302
20248	20277
20249	20277
20250	20309
20251	20307
20253	20307
20254	20309
20256	20309
20258	20309
20259	20307
20261	20309
20263	20307
20264	20277
20265	20309
20266	20299
20267	20309
20268	20309
20269	20299
20270	20307
20271	20302
20272	20309
20273	20277
20275	20277
20276	20309
20277	20280
20277	20281
20277	20300
20277	20301
20277	20311
20277	20313
20279	20317
20282	20307
20283	20299
20284	20302
20285	20309
20286	20309
20288	20309
20289	20309
20290	20309
20292	20307
20293	20309
20294	20302
20296	20309
20297	20309
20298	20307
20299	20325
20299	20305
20302	20307
20302	20312
20303	20309
20309	20322
20309	20310
20309	20314
20309	20316
20309	20320
20992	21089
20992	21060
20993	20987
20994	21054
20995	21066
20996	21054
20997	21070
20998	21070
20999	21066
21000	21054
21001	21066
21002	21066
21003	21066
21004	21066
21005	21054
21006	21066
21007	21066
21008	21066
21009	21066
21010	21066
21011	21066
21012	20987
21013	21089
21014	21054
21015	21070
21016	21066
21017	21089
21018	21089
21019	21066
21020	21089
21021	21066
21022	21066
21023	20987
21024	21066
21025	21054
21025	21063
21026	21066
21027	21066
21028	21066
21029	21066
21030	21066
21031	21066
21032	21089
21033	21070
21034	21054
21035	21089
21036	21066
21037	21054
21038	21066
21039	21066
21040	21066
21041	21066
21042	21066
21043	21054
21044	21070
21045	21066
21046	21054
21047	21066
21048	21066
21049	21066
21050	21054
21051	20987
21052	21089
21053	21089
8348	21054
21054	21065
21054	21069
21054	21074
21054	21075
21054	21083
21054	21085
21054	20973
21054	20974
21054	20980
21054	20983
21054	20984
21054	20989
21055	21070
21056	21070
21057	21066
21058	21066
21059	21066
21060	20969
21060	21089
21061	21066
21062	21089
21063	20970
21063	21070
21064	21070
8348	21066
21066	21067
21066	21071
21066	21072
21066	21073
21066	21078
21066	21079
21066	21080
21066	21081
21066	21084
21066	21086
21066	21087
21066	20965
21066	20966
21066	20967
21066	20968
21066	20969
21066	20971
21066	20978
21066	20979
21066	20982
21066	20986
21066	20988
21066	20990
21066	20991
21068	21089
21070	20970
21070	21077
21070	20977
21070	20981
21070	20985
8348	21070
21076	20987
21082	21089
21088	21089
21089	21090
21089	20969
21089	20976
8348	21089
21089	20972
8348	20987
20975	20987
21783	21829
21784	21829
549	21785
21785	21810
21785	21816
21785	21786
21785	21819
21785	21791
21787	21827
21787	21804
549	21787
21787	21830
21787	21831
21788	21829
21789	21829
21790	21842
21792	21806
21793	21842
21794	21829
21795	21806
21796	21806
549	21829
549	21805
549	21806
549	21842
21798	21829
21799	21805
21800	21829
21801	21829
21802	21829
21803	21829
21805	21834
21805	21835
21805	21836
21805	21837
21805	21840
21805	21809
21805	21818
21805	21823
21806	21832
21806	21807
21806	21797
21808	21829
21811	21829
21812	21829
21813	21829
21814	21829
21815	21829
21817	21829
21820	21829
21821	21829
21822	21842
21824	21829
21825	21829
21826	21829
21828	21829
21829	21833
21829	21838
21829	21839
21841	21842
9064	22305
9064	22343
9064	22350
9064	22351
9064	22386
9064	22358
9064	22295
9064	22329
9064	22383
9064	22271
22263	22271
22264	22295
22265	22295
22266	22295
22267	22350
22268	22350
22269	22295
22270	22271
22271	22274
22271	22276
22271	22280
22271	22281
22271	22284
22271	22287
22271	22290
22271	22292
22271	22300
22271	22302
22271	22304
22271	22310
22271	22316
22271	22318
22271	22337
22271	22340
22271	22341
22271	22342
22271	22344
22271	22351
22271	22365
22271	22369
22271	22372
22271	22375
22271	22386
22272	22350
22273	22350
22275	22351
22277	22295
22278	22350
22279	22295
22282	22295
22283	22295
22285	22350
22286	22358
22288	22350
22289	22305
22291	22350
22293	22358
22294	22295
22295	22296
22295	22298
22295	22309
22295	22317
22295	22320
22295	22325
22295	22328
22295	22332
22295	22334
22295	22335
22295	22338
22295	22346
22295	22348
22295	22349
22295	22352
22295	22353
22295	22355
22295	22358
22295	22360
22295	22366
22295	22368
22295	22376
22295	22380
22295	22381
22295	22385
22296	22358
22297	22383
22299	22383
22301	22339
22301	22358
22303	22386
22305	22370
22305	22358
22306	22350
22307	22386
22308	22329
22311	22383
22312	22350
22313	22350
22314	22350
22315	22350
22317	22358
22319	22350
22321	22386
22322	22358
22323	22329
22324	22329
22326	22386
22327	22339
22327	22358
22329	22371
22329	22361
22329	22387
22330	22350
22331	22358
22333	22383
22336	22383
22339	22358
22343	22382
22345	22386
22347	22350
22350	22378
22350	22363
22350	22367
22351	22386
22354	22358
22356	22386
22357	22386
22358	22371
22358	22373
22358	22364
22358	22379
22358	22383
22358	22385
22358	22362
22359	22383
22374	22383
22377	22386
22383	22384
22723	22726
22724	22726
22725	22726
22726	22728
22726	22729
22726	22730
22726	22731
22726	22733
22726	22734
22726	22738
22726	22739
22726	22740
1527	22726
22727	22738
22728	22738
22732	22738
22735	22738
22736	22738
22737	22738
1527	22738
22738	22740
22738	22742
22738	22743
1527	22741
23040	22989
23041	22985
23042	23054
23043	23014
23044	22989
23045	22983
23046	23014
23047	22989
23048	22989
23049	22989
23050	23035
23051	22967
23052	23014
23053	23054
23054	22976
23054	23011
1606	23054
23054	22983
23054	23004
23054	23019
23054	23022
23054	22979
23054	22969
23054	23035
23054	23036
23054	22975
23055	22989
23056	22999
23057	22985
23058	23035
23059	22983
1606	23009
1606	23014
1606	22983
1606	22985
1606	22967
1606	22989
1606	22992
1606	22999
1606	23035
22967	22977
22967	23020
22967	22992
22967	22968
22967	23000
22967	23034
22967	23038
22968	22992
22970	22989
22971	22989
22972	22989
22973	23035
22974	22989
22976	22979
22978	22985
22980	23035
22981	22992
22982	23014
22983	23016
22983	23024
22984	22989
22985	23018
22985	23023
22985	22994
22985	22995
22985	23002
22985	22986
22987	23009
22988	22992
22989	22990
22989	22991
22989	22993
22989	22997
22989	23001
22989	23003
22989	23008
22989	23010
22989	23012
22989	23013
22989	23025
22989	23026
22989	23027
22989	23029
22989	23030
22989	23031
22989	23032
22989	23033
22989	23039
22996	22999
22998	23014
23005	23035
23006	23014
23007	23014
23009	23021
23014	23028
23015	23035
23017	23035
23035	23037
23685	23703
23686	23703
23687	23717
23688	23717
23689	23717
23690	23703
23691	23711
23692	23717
23693	23717
23694	23711
23695	23703
23696	23717
8166	23697
23698	23717
23699	23703
23700	23711
23701	23717
23702	23717
23703	23714
8166	23703
23703	23707
23704	23717
23705	23717
23706	23711
23707	23711
23708	23717
23709	23717
23710	23711
23711	23713
8166	23711
23712	23717
23715	23717
23716	23717
8166	23717
24160	24157
24161	24157
24162	24157
9617	24157
24155	24157
24156	24157
24157	24158
24157	24159
4759	24378
4759	24355
4759	24370
4759	24382
24347	24378
24348	24378
24349	24355
24350	24355
24351	24355
24352	24355
24353	24382
24354	24355
24355	24356
24355	24358
24355	24359
24355	24360
24355	24361
24355	24364
24355	24365
24355	24366
24355	24371
24355	24372
24355	24373
24355	24374
24355	24375
24355	24376
24355	24379
24355	24381
24355	24383
24355	24384
24357	24378
24362	24382
24363	24370
24367	24378
24368	24382
24369	24382
24370	24377
24380	24382
24382	24385
24907	24911
24908	24911
24909	24911
24910	24911
24911	24912
24911	24913
24911	24914
24911	24915
5108	24911
423	25355
25355	25374
25355	25399
25356	25380
25357	25375
25358	25393
25359	25380
25360	25362
25361	25376
25362	25378
25362	25379
423	25362
25362	25386
25362	25388
25362	25391
25362	25363
25362	25364
25362	25397
25362	25398
25362	25370
25362	25371
25365	25393
25366	25393
25367	25380
25368	25376
25369	25375
25372	25380
25373	25375
25375	25381
423	25375
25375	25385
25375	25387
25375	25390
25375	25395
25376	25377
423	25376
25376	25396
25380	25382
423	25380
25380	25394
423	25389
423	25393
25384	25393
25392	25393
25393	25383
25600	25565
8678	25570
8678	25571
8678	25584
8678	25553
8678	25586
8678	25562
8678	25565
8678	25567
25545	25584
25545	25553
25545	25571
25546	25586
25547	25586
25548	25562
25549	25565
25550	25565
25551	25562
25552	25586
25553	25569
25553	25571
25553	25572
25553	25573
25553	25575
25553	25576
25553	25579
25553	25583
25553	25584
25553	25556
25553	25558
25553	25561
25553	25566
25554	25586
25555	25586
25557	25570
25559	25586
25560	25565
25563	25565
25564	25571
25565	25578
25565	25582
25565	25581
25565	25593
25565	25596
25565	25597
25567	25590
25568	25586
25570	25585
25571	25574
25571	25584
25571	25588
25571	25594
25571	25598
25577	25586
25580	25586
25584	25591
25586	25599
25586	25589
25586	25592
25586	25595
25586	25587
25856	25819
25857	25842
25858	25862
25859	25819
25860	25862
25861	25819
25862	25864
25862	25865
25862	25866
25862	25868
2078	25862
25862	25812
25862	25814
25862	25817
25862	25821
25862	25824
25862	25825
25862	25826
25862	25829
25862	25831
25862	25835
25862	25836
25862	25837
25862	25838
25862	25840
25862	25841
25862	25843
25862	25844
25862	25849
25862	25850
25862	25854
25863	25849
25867	25833
25867	25819
25869	25819
25870	25833
25871	25819
25872	25833
25873	25842
2078	25833
2078	25842
2078	25844
2078	25849
2078	25812
2078	25819
25808	25819
25809	25819
25810	25819
25811	25819
25812	25834
25813	25819
25815	25819
25816	25819
25818	25842
25819	25820
25819	25822
25819	25827
25819	25828
25819	25830
25819	25833
25819	25839
25819	25845
25819	25846
25819	25847
25819	25848
25819	25851
25819	25852
25819	25853
25819	25855
25823	25842
25832	25842
26143	26245
26144	26162
26145	26233
26146	26233
26147	26277
26148	26162
26149	26233
26150	26233
26151	26277
26152	26162
26153	26162
26154	26245
26155	26233
26156	26182
26157	26182
26158	26213
26158	26216
26158	26281
9008	26158
26158	26257
26158	26217
26158	26266
26158	26235
26159	26233
26160	26182
26161	26231
26162	26240
26162	26241
26162	26254
26162	26258
26162	26259
26162	26262
26162	26263
26162	26265
26162	26268
26162	26272
26162	26275
26162	26286
9008	26162
26162	26296
26162	26297
26162	26171
26162	26175
26162	26178
26162	26183
26162	26189
26162	26191
26162	26193
26162	26210
26162	26212
26163	26182
